-0.199843 0.562
-0.199843 0.562
-0.198944 0.563
-0.198944 0.563
-0.198591 0.562
-0.198591 0.562
-0.19769 0.563
-0.19769 0.563
-0.197339 0.562
-0.197339 0.562
-0.196436 0.563
-0.196436 0.563
-0.196087 0.562
-0.196087 0.562
-0.195182 0.563
-0.195182 0.563
-0.194835 0.562
-0.194835 0.562
-0.193928 0.563
-0.193928 0.563
-0.193584 0.562
-0.193584 0.562
-0.192674 0.563
-0.192674 0.563
-0.192332 0.562
-0.192332 0.562
-0.19142 0.563
-0.19142 0.563
-0.19108 0.562
-0.19108 0.562
-0.190166 0.563
-0.190166 0.563
-0.189828 0.562
-0.189828 0.562
-0.188576 0.562
-0.188576 0.562
-0.187324 0.562
-0.187324 0.562
-0.186072 0.562
-0.186072 0.562
-0.18482 0.562
-0.18482 0.562
-0.183568 0.562
-0.183568 0.562
-0.182316 0.562
-0.182316 0.562
-0.181064 0.562
-0.181064 0.562
-0.179813 0.562
-0.179813 0.562
-0.178561 0.562
-0.178561 0.562
-0.177309 0.562
-0.177309 0.562
-0.176057 0.562
-0.176057 0.562
-0.174805 0.562
-0.174805 0.562
-0.173553 0.562
-0.173553 0.562
-0.171994 0.561
-0.171994 0.561
-0.170745 0.561
-0.170745 0.561
-0.169495 0.561
-0.169495 0.561
-0.168245 0.561
-0.168245 0.561
-0.166996 0.561
-0.166996 0.561
-0.166698 0.56
-0.166698 0.56
-0.165746 0.561
-0.165746 0.561
-0.165451 0.56
-0.165451 0.56
-0.164496 0.561
-0.164496 0.561
-0.164203 0.56
-0.164203 0.56
-0.163247 0.561
-0.163247 0.561
-0.162956 0.56
-0.162956 0.56
-0.161997 0.561
-0.161997 0.561
-0.161708 0.56
-0.161708 0.56
-0.160747 0.561
-0.160747 0.561
-0.160461 0.56
-0.160461 0.56
-0.159498 0.561
-0.159498 0.561
-0.159213 0.56
-0.159213 0.56
-0.158248 0.561
-0.158248 0.561
-0.157966 0.56
-0.157966 0.56
-0.156998 0.561
-0.156998 0.561
-0.156718 0.56
-0.156718 0.56
-0.155749 0.561
-0.155749 0.561
-0.155471 0.56
-0.155471 0.56
-0.154224 0.56
-0.154224 0.56
-0.152976 0.56
-0.152976 0.56
-0.151729 0.56
-0.151729 0.56
-0.150481 0.56
-0.150481 0.56
-0.149234 0.56
-0.149234 0.56
-0.147986 0.56
-0.147986 0.56
-0.146739 0.56
-0.146739 0.56
-0.145491 0.56
-0.145491 0.56
-0.144244 0.56
-0.144244 0.56
-0.142996 0.56
-0.142996 0.56
-0.141749 0.56
-0.141749 0.56
-0.140502 0.56
-0.140502 0.56
-0.139254 0.56
-0.139254 0.56
-0.138007 0.56
-0.138007 0.56
-0.136759 0.56
-0.136759 0.56
-0.135512 0.56
-0.135512 0.56
-0.134264 0.56
-0.134264 0.56
-0.133017 0.56
-0.133017 0.56
-0.131769 0.56
-0.131769 0.56
-0.130522 0.56
-0.130522 0.56
-0.129274 0.56
-0.129274 0.56
-0.128256 0.561
-0.128256 0.561
-0.128027 0.56
-0.128027 0.56
-0.127006 0.561
-0.127006 0.561
-0.12678 0.56
-0.12678 0.56
-0.125756 0.561
-0.125756 0.561
-0.125532 0.56
-0.125532 0.56
-0.124507 0.561
-0.124507 0.561
-0.124285 0.56
-0.124285 0.56
-0.123257 0.561
-0.123257 0.561
-0.123037 0.56
-0.123037 0.56
-0.122007 0.561
-0.122007 0.561
-0.12179 0.56
-0.12179 0.56
-0.120758 0.561
-0.120758 0.561
-0.120542 0.56
-0.120542 0.56
-0.119508 0.561
-0.119508 0.561
-0.119295 0.56
-0.119295 0.56
-0.118258 0.561
-0.118258 0.561
-0.118047 0.56
-0.118047 0.56
-0.117837 0.559
-0.117837 0.559
-0.117009 0.561
-0.117009 0.561
-0.1168 0.56
-0.1168 0.56
-0.116591 0.559
-0.116591 0.559
-0.115759 0.561
-0.115759 0.561
-0.115552 0.56
-0.115552 0.56
-0.115346 0.559
-0.115346 0.559
-0.114509 0.561
-0.114509 0.561
-0.114305 0.56
-0.114305 0.56
-0.114101 0.559
-0.114101 0.559
-0.113058 0.56
-0.113058 0.56
-0.112856 0.559
-0.112856 0.559
-0.11181 0.56
-0.11181 0.56
-0.11161 0.559
-0.11161 0.559
-0.110563 0.56
-0.110563 0.56
-0.110365 0.559
-0.110365 0.559
-0.10912 0.559
-0.10912 0.559
-0.108925 0.558
-0.108925 0.558
-0.107875 0.559
-0.107875 0.559
-0.107682 0.558
-0.107682 0.558
-0.10663 0.559
-0.10663 0.559
-0.106439 0.558
-0.106439 0.558
-0.105384 0.559
-0.105384 0.559
-0.105196 0.558
-0.105196 0.558
-0.104139 0.559
-0.104139 0.559
-0.103953 0.558
-0.103953 0.558
-0.102894 0.559
-0.102733 0.558125
-0.10271 0.558
-0.101467 0.558
-0.101467 0.558
-0.100224 0.558
-0.100224 0.558
-0.0989808 0.558
-0.0989808 0.558
-0.0977378 0.558
-0.0977378 0.558
-0.0964948 0.558
-0.0964948 0.558
-0.0952519 0.558
-0.0952519 0.558
-0.0940089 0.558
-0.0940089 0.558
-0.0927658 0.558
-0.0926827 0.5575
-0.0925996 0.557
-0.0915229 0.558
-0.0915229 0.558
-0.0913588 0.557
-0.0913588 0.557
-0.0901181 0.557
-0.0901181 0.557
-0.0888773 0.557
-0.0888773 0.557
-0.0876365 0.557
-0.0876365 0.557
-0.0874792 0.556
-0.0874792 0.556
-0.0863957 0.557
-0.086357 0.55675
-0.0862406 0.556
-0.085155 0.557
-0.0850977 0.556625
-0.0850021 0.556
-0.0839142 0.557
-0.0839142 0.557
-0.0837636 0.556
-0.0837636 0.556
-0.0826734 0.557
-0.0825436 0.556125
-0.082525 0.556
-0.0812865 0.556
-0.0812865 0.556
-0.0800479 0.556
-0.0800479 0.556
-0.0788094 0.556
-0.0788094 0.556
-0.0786676 0.555
-0.0786676 0.555
-0.0775708 0.556
-0.0774662 0.55525
-0.0774313 0.555
-0.0763323 0.556
-0.0763323 0.556
-0.076195 0.555
-0.076195 0.555
-0.0749587 0.555
-0.0749587 0.555
-0.0737224 0.555
-0.0737224 0.555
-0.0724861 0.555
-0.0724861 0.555
-0.0712498 0.555
-0.0712498 0.555
-0.0700134 0.555
-0.0700134 0.555
-0.0687771 0.555
-0.0686687 0.554125
-0.0686532 0.554
-0.0674191 0.554
-0.0674191 0.554
-0.066185 0.554
-0.066185 0.554
-0.0649509 0.554
-0.064907 0.553625
-0.0648337 0.553
-0.0636018 0.553
-0.0636018 0.553
-0.06237 0.553
-0.0623277 0.552625
-0.0622572 0.552
-0.0610276 0.552
-0.0610276 0.552
-0.0597979 0.552
-0.0597979 0.552
-0.0596896 0.551
-0.0596896 0.551
-0.0585683 0.552
-0.0584755 0.551125
-0.0584622 0.551
-0.0572348 0.551
-0.0571958 0.550625
-0.0571309 0.55
-0.0560074 0.551
-0.0559311 0.55025
-0.0559057 0.55
-0.0546806 0.55
-0.0546681 0.549875
-0.0545811 0.549
-0.0534554 0.55
-0.0534189 0.549625
-0.0533582 0.549
-0.0522302 0.55
-0.0521827 0.5495
-0.0521352 0.549
-0.051005 0.55
-0.0509355 0.54925
-0.0509123 0.549
-0.0497798 0.55
-0.0497007 0.549125
-0.0496893 0.549
-0.0484664 0.549
-0.0484554 0.548875
-0.0483781 0.548
-0.0472434 0.549
-0.0472219 0.54875
-0.0471574 0.548
-0.0460205 0.549
-0.0459786 0.5485
-0.0459367 0.548
-0.0447975 0.549
-0.0447363 0.54825
-0.0447159 0.548
-0.0434952 0.548
-0.0434952 0.548
-0.0422745 0.548
-0.0422745 0.548
-0.0410538 0.548
-0.041035 0.54775
-0.0409789 0.547
-0.0397604 0.547
-0.0397604 0.547
-0.0385419 0.547
-0.0385419 0.547
-0.0373234 0.547
-0.0372807 0.546375
-0.0372551 0.546
-0.0360389 0.546
-0.0360389 0.546
-0.0348226 0.546
-0.0347987 0.545625
-0.0347588 0.545
-0.0335448 0.545
-0.0335294 0.54475
-0.0334832 0.544
-0.0322517 0.543667
-0.0322517 0.543667
-0.0320341 0.54
-0.0320045 0.5395
-0.0319748 0.539
-0.0317771 0.535667
-0.0317771 0.535667
-0.0304459 0.53325
-0.0304071 0.532571
-0.0303317 0.53125
-0.0302603 0.53
-0.0290248 0.529
-0.0289699 0.528
-0.0289013 0.52675
-0.0287688 0.524333
-0.0287505 0.524
-0.0275481 0.523333
-0.0275306 0.523
-0.0274779 0.522
-0.0261135 0.518
-0.0260631 0.517
-0.0260463 0.516667
-0.0248343 0.5154
-0.0248343 0.5154
-0.0246383 0.511333
-0.0246383 0.511333
-0.023214 0.505125
-0.0232082 0.505
-0.0231623 0.504
-0.022059 0.504444
-0.022059 0.504444
-0.0209169 0.504
-0.02088 0.503111
-0.0208754 0.503
-0.0197156 0.502
-0.0196851 0.501222
-0.0196763 0.501
-0.0185233 0.5
-0.0185233 0.5
-0.0173398 0.498
-0.0173398 0.498
-0.0161979 0.497
-0.0161979 0.497
-0.0150301 0.495
-0.0150301 0.495
-0.0138711 0.493
-0.0138711 0.493
-0.012747 0.492
-0.012747 0.492
-0.0116037 0.49
-0.0116037 0.49
-0.0104907 0.489
-0.0104907 0.489
-0.00936488 0.4871
-0.00936488 0.4871
-0.00826112 0.486
-0.00826112 0.486
-0.00715635 0.4845
-0.00715635 0.4845
-0.00606078 0.4832
-0.00606078 0.4832
-0.00497306 0.4821
-0.00497306 0.4821
-0.00389024 0.481
-0.00389024 0.481
-0.0028129 0.48
-0.0028129 0.48
-0.00173966 0.4789
-0.00173966 0.4789
-0.000671181 0.4777
-0.000671181 0.4777
0 0
0 0
0.000392118 0.4767
0.000392118 0.4767
0.00145127 0.4758
0.00145127 0.4758
0.00250166 0.474
0.00250641 0.4749
0.00250693 0.475
0.00355829 0.4741
0.00355829 0.4741
0.00460466 0.4731
0.00460466 0.4731
0.00564896 0.4723
0.00564896 0.4723
0.00668971 0.4715
0.00668971 0.4715
0.00772853 0.4708
0.00772853 0.4708
0.00876236 0.47
0.00876236 0.47
0.00978846 0.469
0.00979264 0.4692
0.00980933 0.47
0.010824 0.4686
0.010824 0.4686
0.0118526 0.468
0.0118526 0.468
0.0128703 0.4671
0.0128703 0.4671
0.0138781 0.466
0.0139049 0.4669
0.0139079 0.467
0.0149161 0.466
0.0149161 0.466
0.0159337 0.4654
0.0159337 0.4654
0.0169558 0.465
0.0169558 0.465
0.0179529 0.464
0.0179529 0.464
0.0189865 0.464
0.0189865 0.464
0.019977 0.463
0.019977 0.463
0.0210084 0.463
0.0210084 0.463
0.0219921 0.462
0.0219921 0.462
0.0230213 0.462
0.0230213 0.462
0.0239984 0.461
0.0239984 0.461
0.0250253 0.461
0.0250253 0.461
0.0259957 0.46
0.0259957 0.46
0.0270204 0.46
0.0270204 0.46
0.0279841 0.459
0.0280146 0.4595
0.0280451 0.46
0.0290066 0.459
0.0290066 0.459
0.0299636 0.458
0.0300225 0.4589
0.0300291 0.459
0.0309839 0.458
0.0309839 0.458
0.0320041 0.458
0.0320041 0.458
0.0329523 0.457
0.0329523 0.457
0.0339703 0.457
0.0339703 0.457
0.0349653 0.4567
0.0349653 0.4567
0.0359275 0.456
0.0359275 0.456
0.0369433 0.456
0.0369433 0.456
0.0378758 0.455
0.0379175 0.4555
0.0379591 0.456
0.0388894 0.455
0.0388894 0.455
0.0399029 0.455
0.0399029 0.455
0.0409165 0.455
0.0409165 0.455
0.0418379 0.454
0.0418379 0.454
0.0428492 0.454
0.0428492 0.454
0.0438606 0.454
0.0438606 0.454
0.044773 0.453
0.044773 0.453
0.0457821 0.453
0.0457821 0.453
0.0467912 0.453
0.0467912 0.453
0.0478003 0.453
0.0478003 0.453
0.0487017 0.452
0.0487017 0.452
0.0488094 0.453
0.0488094 0.453
0.0497086 0.452
0.0497086 0.452
0.0507154 0.452
0.0507154 0.452
0.0517223 0.452
0.0517223 0.452
0.0527292 0.452
0.0527292 0.452
0.0537361 0.452
0.0537361 0.452
0.0547429 0.452
0.0547429 0.452
0.0556265 0.451
0.0557005 0.4516
0.0557498 0.452
0.0566311 0.451
0.0566688 0.4513
0.0567567 0.452
0.0576358 0.451
0.0576485 0.4511
0.0577636 0.452
0.0586404 0.451
0.0586404 0.451
0.059645 0.451
0.059645 0.451
0.0606497 0.451
0.0606497 0.451
0.0616543 0.451
0.0616543 0.451
0.062659 0.451
0.062659 0.451
0.0636636 0.451
0.0636636 0.451
0.0638048 0.452
0.0638048 0.452
0.0646683 0.451
0.0646683 0.451
0.0648117 0.452
0.0648117 0.452
0.0656729 0.451
0.0656729 0.451
0.0658185 0.452
0.0658185 0.452
0.0666776 0.451
0.0666776 0.451
0.0668254 0.452
0.0668254 0.452
0.0676822 0.451
0.0676822 0.451
0.0678323 0.452
0.0678323 0.452
0.0686869 0.451
0.0686869 0.451
0.0688392 0.452
0.0688392 0.452
0.0696915 0.451
0.0696915 0.451
0.069846 0.452
0.069846 0.452
0.0706961 0.451
0.0706961 0.451
0.0708529 0.452
0.0708529 0.452
0.0717008 0.451
0.0717008 0.451
0.0718598 0.452
0.0718598 0.452
0.0727054 0.451
0.0728505 0.4519
0.0728666 0.452
0.0738735 0.452
0.0738735 0.452
0.0748804 0.452
0.0748804 0.452
0.0758873 0.452
0.0758873 0.452
0.0768941 0.452
0.0768941 0.452
0.077901 0.452
0.077901 0.452
0.0789079 0.452
0.0789079 0.452
0.0799148 0.452
0.0799148 0.452
0.0809216 0.452
0.0809216 0.452
0.0819285 0.452
0.0819285 0.452
0.0829354 0.452
0.0829354 0.452
0.0839422 0.452
0.0839422 0.452
0.0849491 0.452
0.0849491 0.452
0.085956 0.452
0.085956 0.452
0.0861462 0.453
0.0861462 0.453
0.0869629 0.452
0.0869629 0.452
0.0871553 0.453
0.0871553 0.453
0.0881644 0.453
0.0881644 0.453
0.0891735 0.453
0.0891735 0.453
0.0901826 0.453
0.0901826 0.453
0.0911917 0.453
0.0911917 0.453
0.091393 0.454
0.091393 0.454
0.0922008 0.453
0.0922008 0.453
0.0924043 0.454
0.0924043 0.454
0.0934156 0.454
0.0934156 0.454
0.0944269 0.454
0.0944269 0.454
0.0954383 0.454
0.0954383 0.454
0.0956485 0.455
0.0956485 0.455
0.0966621 0.455
0.0966621 0.455
0.0976756 0.455
0.0976756 0.455
0.0986892 0.455
0.0986892 0.455
0.0989061 0.456
0.0989061 0.456
0.0999218 0.456
0.0999218 0.456
0.100938 0.456
0.100938 0.456
0.101953 0.456
0.101953 0.456
0.102177 0.457
0.102177 0.457
0.103195 0.457
0.103195 0.457
0.104213 0.457
0.104213 0.457
0.104441 0.458
0.104441 0.458
0.105231 0.457
0.105231 0.457
0.105461 0.458
0.105461 0.458
0.106482 0.458
0.106482 0.458
0.106714 0.459
0.106714 0.459
0.107502 0.458
0.107502 0.458
0.107736 0.459
0.107736 0.459
0.108759 0.459
0.108759 0.459
0.109781 0.459
0.109781 0.459
0.110021 0.46
0.110021 0.46
0.111045 0.46
0.111045 0.46
0.11207 0.46
0.11207 0.46
0.112314 0.461
0.112314 0.461
0.113341 0.461
0.113341 0.461
0.114367 0.461
0.114367 0.461
0.114616 0.462
0.114616 0.462
0.115645 0.462
0.115645 0.462
0.115895 0.463
0.115895 0.463
0.116926 0.463
0.116926 0.463
0.117958 0.463
0.117958 0.463
0.118213 0.464
0.118213 0.464
0.119246 0.464
0.119246 0.464
0.119503 0.465
0.119503 0.465
0.120539 0.465
0.120539 0.465
0.121575 0.465
0.121575 0.465
0.121836 0.466
0.121836 0.466
0.122874 0.466
0.122874 0.466
0.123138 0.467
0.123138 0.467
0.124178 0.467
0.124178 0.467
0.124444 0.468
0.124444 0.468
0.125487 0.468
0.125487 0.468
0.1268 0.469
0.1268 0.469
0.128117 0.47
0.128117 0.47
0.129439 0.471
0.129439 0.471
0.130765 0.472
0.130765 0.472
0.132096 0.473
0.132096 0.473
0.133431 0.474
0.133431 0.474
0.13477 0.475
0.13477 0.475
0.136114 0.476
0.136114 0.476
0.137751 0.478
0.137751 0.478
0.139106 0.479
0.139106 0.479
0.140466 0.48
0.140466 0.48
0.142125 0.482
0.142125 0.482
0.143496 0.483
0.143496 0.483
0.14517 0.485
0.14517 0.485
0.146552 0.486
0.146552 0.486
0.147939 0.487
0.147939 0.487
0.148242 0.488
0.148242 0.488
0.149329 0.488
0.149329 0.488
0.149635 0.489
0.149635 0.489
0.150725 0.489
0.150725 0.489
0.151033 0.49
0.151033 0.49
0.152125 0.49
0.152125 0.49
0.152435 0.491
0.152435 0.491
0.153529 0.491
0.153529 0.491
0.154779 0.495
0.154779 0.495
0.155405 0.497
0.15603 0.499
0.15603 0.499
0.158401 0.503
0.158401 0.503
0.16079 0.507
0.16079 0.507
0.161108 0.508
0.161108 0.508
0.161425 0.509
0.161425 0.509
0.162239 0.508
0.162239 0.508
0.162559 0.509
0.162559 0.509
0.164014 0.51
0.164014 0.51
0.164657 0.512
0.164657 0.512
0.164979 0.513
0.164979 0.513
0.1653 0.514
0.1653 0.514
0.165622 0.515
0.165622 0.515
0.166265 0.517
0.166265 0.517
0.170655 0.527
0.170655 0.527
0.175189 0.541
0.175189 0.541
0.176394 0.541
0.176394 0.541
0.177599 0.541
0.177599 0.541
0.178804 0.541
0.178804 0.541
0.179135 0.542
0.179135 0.542
