-0.199978 0.604
-0.199978 0.604
-0.198632 0.604
-0.198632 0.604
-0.198303 0.603
-0.198303 0.603
-0.19696 0.603
-0.19696 0.603
-0.195617 0.603
-0.195617 0.603
-0.194274 0.603
-0.194274 0.603
-0.192931 0.603
-0.192931 0.603
-0.192611 0.602
-0.192611 0.602
-0.19127 0.602
-0.19127 0.602
-0.189929 0.602
-0.189929 0.602
-0.188588 0.602
-0.188588 0.602
-0.187247 0.602
-0.187247 0.602
-0.186935 0.601
-0.186935 0.601
-0.185906 0.602
-0.185906 0.602
-0.185597 0.601
-0.185597 0.601
-0.184258 0.601
-0.184258 0.601
-0.182919 0.601
-0.182919 0.601
-0.18158 0.601
-0.18158 0.601
-0.180242 0.601
-0.180242 0.601
-0.178903 0.601
-0.178903 0.601
-0.177564 0.601
-0.177564 0.601
-0.175932 0.6
-0.175932 0.6
-0.174595 0.6
-0.174595 0.6
-0.173259 0.6
-0.173259 0.6
-0.171636 0.599
-0.171636 0.599
-0.170301 0.599
-0.170301 0.599
-0.168967 0.599
-0.168967 0.599
-0.167353 0.598
-0.167353 0.598
-0.166021 0.598
-0.166021 0.598
-0.164689 0.598
-0.164689 0.598
-0.163083 0.597
-0.163083 0.597
-0.161754 0.597
-0.161754 0.597
-0.160424 0.597
-0.160424 0.597
-0.159094 0.597
-0.159094 0.597
-0.158827 0.596
-0.158827 0.596
-0.1575 0.596
-0.1575 0.596
-0.156172 0.596
-0.156172 0.596
-0.154844 0.596
-0.154844 0.596
-0.153259 0.595
-0.153259 0.595
-0.151934 0.595
-0.151934 0.595
-0.150608 0.595
-0.150608 0.595
-0.149283 0.595
-0.149283 0.595
-0.149032 0.594
-0.149032 0.594
-0.147709 0.594
-0.147709 0.594
-0.146386 0.594
-0.146386 0.594
-0.145062 0.594
-0.145062 0.594
-0.143739 0.594
-0.143739 0.594
-0.143497 0.593
-0.143497 0.593
-0.142416 0.594
-0.142416 0.594
-0.142176 0.593
-0.142176 0.593
-0.141093 0.594
-0.141093 0.594
-0.140855 0.593
-0.140855 0.593
-0.13977 0.594
-0.13977 0.594
-0.139534 0.593
-0.139534 0.593
-0.138446 0.594
-0.138446 0.594
-0.138213 0.593
-0.138213 0.593
-0.137123 0.594
-0.137123 0.594
-0.136892 0.593
-0.136892 0.593
-0.1358 0.594
-0.1358 0.594
-0.135571 0.593
-0.135571 0.593
-0.135343 0.592
-0.135343 0.592
-0.134251 0.593
-0.134251 0.593
-0.134024 0.592
-0.134024 0.592
-0.13293 0.593
-0.13293 0.593
-0.132705 0.592
-0.132705 0.592
-0.131609 0.593
-0.131609 0.593
-0.131387 0.592
-0.131387 0.592
-0.130288 0.593
-0.130288 0.593
-0.130068 0.592
-0.130068 0.592
-0.128967 0.593
-0.128967 0.593
-0.128749 0.592
-0.128749 0.592
-0.127646 0.593
-0.127646 0.593
-0.12743 0.592
-0.12743 0.592
-0.126325 0.593
-0.126325 0.593
-0.126112 0.592
-0.126112 0.592
-0.125004 0.593
-0.125004 0.593
-0.124793 0.592
-0.124793 0.592
-0.123683 0.593
-0.123683 0.593
-0.123474 0.592
-0.123474 0.592
-0.122362 0.593
-0.122362 0.593
-0.122155 0.592
-0.122155 0.592
-0.121041 0.593
-0.121041 0.593
-0.120837 0.592
-0.120837 0.592
-0.11972 0.593
-0.11972 0.593
-0.119518 0.592
-0.119518 0.592
-0.118399 0.593
-0.118399 0.593
-0.118199 0.592
-0.118199 0.592
-0.117078 0.593
-0.117078 0.593
-0.116881 0.592
-0.116881 0.592
-0.115757 0.593
-0.115757 0.593
-0.115562 0.592
-0.115562 0.592
-0.114243 0.592
-0.114243 0.592
-0.112924 0.592
-0.112924 0.592
-0.111606 0.592
-0.111606 0.592
-0.111417 0.591
-0.111417 0.591
-0.110101 0.591
-0.110101 0.591
-0.108784 0.591
-0.108784 0.591
-0.107286 0.59
-0.107286 0.59
-0.105971 0.59
-0.105971 0.59
-0.10448 0.589
-0.10448 0.589
-0.103168 0.589
-0.103168 0.589
-0.101683 0.588
-0.101683 0.588
-0.100373 0.588
-0.100373 0.588
-0.0988946 0.587
-0.0988946 0.587
-0.097587 0.587
-0.097587 0.587
-0.0962794 0.587
-0.0961769 0.586375
-0.0961154 0.586
-0.09481 0.586
-0.09481 0.586
-0.0935047 0.586
-0.0935047 0.586
-0.0921993 0.586
-0.0921993 0.586
-0.0920419 0.585
-0.0920419 0.585
-0.0907388 0.585
-0.0907388 0.585
-0.0894357 0.585
-0.0894357 0.585
-0.0881325 0.585
-0.0881325 0.585
-0.086681 0.584
-0.086681 0.584
-0.08538 0.584
-0.08538 0.584
-0.0839351 0.583
-0.0839351 0.583
-0.0826365 0.583
-0.0826365 0.583
-0.0811983 0.582
-0.0811983 0.582
-0.0799018 0.582
-0.0799018 0.582
-0.0797645 0.581
-0.0797645 0.581
-0.0784703 0.581
-0.0784703 0.581
-0.0770432 0.58
-0.0770432 0.58
-0.0756206 0.579
-0.0756206 0.579
-0.0743308 0.579
-0.0742987 0.57875
-0.0742024 0.578
-0.0731672 0.58
-0.0731672 0.58
-0.0729149 0.578
-0.0729149 0.578
-0.0708838 0.572
-0.0708838 0.572
-0.070636 0.57
-0.0705864 0.5696
-0.070512 0.569
-0.0702642 0.567
-0.0702642 0.567
-0.0687578 0.565
-0.0686665 0.56425
-0.0686361 0.564
-0.0673797 0.564
-0.0673349 0.563625
-0.0672602 0.563
-0.0660061 0.563
-0.0660061 0.563
-0.0658889 0.562
-0.0658889 0.562
-0.0646369 0.562
-0.0646369 0.562
-0.0632722 0.561
-0.0632722 0.561
-0.061912 0.56
-0.061912 0.56
-0.0606646 0.56
-0.0605698 0.559125
-0.0605562 0.559
-0.059311 0.559
-0.0592314 0.55825
-0.0592049 0.558
-0.0579619 0.558
-0.05791 0.5575
-0.057858 0.557
-0.0566173 0.557
-0.0565919 0.55675
-0.0565156 0.556
-0.0552771 0.556
-0.0552646 0.555875
-0.0551777 0.555
-0.0540385 0.556
-0.0539656 0.55525
-0.0539413 0.555
-0.052705 0.555
-0.0526575 0.5545
-0.0526101 0.554
-0.051376 0.554
-0.0513528 0.55375
-0.0512832 0.553
-0.0500514 0.553
-0.0500401 0.552875
-0.0499609 0.552
-0.0488195 0.553
-0.0487643 0.552375
-0.0487312 0.552
-0.0475016 0.552
-0.0474693 0.551625
-0.0474155 0.551
-0.0461777 0.550875
-0.0461777 0.550875
-0.0449607 0.551
-0.0448995 0.55025
-0.0448791 0.55
-0.043654 0.55
-0.0436242 0.549625
-0.0435746 0.549
-0.0423516 0.549
-0.042342 0.548875
-0.0422745 0.548
-0.0411287 0.549
-0.0410631 0.548125
-0.0410538 0.548
-0.0398331 0.548
-0.0398149 0.54775
-0.0397604 0.547
-0.0385419 0.547
-0.0385419 0.547
-0.0372551 0.546
-0.0372551 0.546
-0.0360389 0.546
-0.0360389 0.546
-0.0347588 0.545
-0.0347588 0.545
-0.0335448 0.545
-0.0335371 0.544875
-0.0334832 0.544
-0.0322714 0.544
-0.0322714 0.544
-0.0310382 0.543625
-0.0310382 0.543625
-0.0297929 0.543
-0.0297929 0.543
-0.0285307 0.542
-0.0285307 0.542
-0.0273234 0.542
-0.0273234 0.542
-0.0260678 0.541
-0.0260678 0.541
-0.0248627 0.541
-0.0248627 0.541
-0.0236138 0.54
-0.0236138 0.54
-0.0224109 0.54
-0.0224057 0.539875
-0.0223694 0.539
-0.0211688 0.539
-0.0211688 0.539
-0.0199542 0.538625
-0.0199542 0.538625
-0.0187326 0.538
-0.0187326 0.538
-0.0175219 0.537625
-0.0175219 0.537625
-0.0163053 0.537
-0.0163053 0.537
-0.0151091 0.537
-0.0150951 0.5365
-0.015081 0.536
-0.013887 0.536
-0.013887 0.536
-0.0126693 0.535
-0.0126693 0.535
-0.0114776 0.535
-0.0114776 0.535
-0.0102666 0.534
-0.0102666 0.534
-0.00907703 0.534
-0.00907703 0.534
-0.00787273 0.533
-0.00787273 0.533
-0.00668542 0.533
-0.00668542 0.533
-0.0054878 0.532
-0.0054878 0.532
-0.00430272 0.532
-0.00429766 0.531375
-0.00429463 0.531
-0.00311178 0.531
-0.00311178 0.531
-0.00192665 0.530375
-0.00192665 0.530375
-0.000744664 0.53
-0.000744664 0.53
0 0
0 0
0.000435447 0.529375
0.000435447 0.529375
0.00161354 0.529
0.00161354 0.529
0.00278929 0.5285
0.00278929 0.5285
0.00396376 0.528125
0.00396376 0.528125
0.00513656 0.52775
0.00513656 0.52775
0.0063062 0.52725
0.0063062 0.52725
0.00747715 0.527
0.00747715 0.527
0.00864288 0.5265
0.00864288 0.5265
0.00980639 0.526
0.00980639 0.526
0.0109781 0.526
0.0109781 0.526
0.0121267 0.525
0.0121267 0.525
0.0132962 0.525
0.0132962 0.525
0.0144657 0.525
0.0144657 0.525
0.0156352 0.525
0.0156352 0.525
0.0167727 0.524
0.0167727 0.524
0.0179399 0.524
0.0179399 0.524
0.0191072 0.524
0.0191072 0.524
0.0202744 0.524
0.0202744 0.524
0.0214008 0.523
0.0214212 0.5235
0.0214417 0.524
0.0225658 0.523
0.0225658 0.523
0.0237308 0.523
0.0237308 0.523
0.0248959 0.523
0.0248959 0.523
0.0260235 0.52225
0.0260235 0.52225
0.0271739 0.522
0.0271739 0.522
0.0283367 0.522
0.0283367 0.522
0.0294783 0.521625
0.0294783 0.521625
0.0306036 0.521
0.0306036 0.521
0.0317641 0.521
0.0317641 0.521
0.0328615 0.52
0.032901 0.520625
0.0329247 0.521
0.0340199 0.52
0.0340199 0.52
0.0351698 0.519875
0.0351698 0.519875
0.0362667 0.519
0.0362929 0.519375
0.0363366 0.52
0.0374228 0.519
0.0374228 0.519
0.0385511 0.518625
0.0385511 0.518625
0.0396585 0.518
0.0396776 0.51825
0.0397351 0.519
0.0407336 0.517
0.0408025 0.517875
0.0408124 0.518
0.0418853 0.517
0.0419359 0.517625
0.0419663 0.518
0.0430369 0.517
0.0430473 0.517125
0.0431202 0.518
0.0441886 0.517
0.0441886 0.517
0.0452526 0.516
0.0452964 0.5165
0.0453403 0.517
0.046402 0.516
0.046402 0.516
0.0475514 0.516
0.0475514 0.516
0.0486301 0.51525
0.0486301 0.51525
0.0497537 0.515
0.0497537 0.515
0.0508021 0.514
0.0508762 0.51475
0.0509009 0.515
0.0519471 0.514
0.0519597 0.514125
0.0520481 0.515
0.0530921 0.514
0.0530921 0.514
0.0541315 0.513
0.0541975 0.513625
0.054237 0.514
0.0552743 0.513
0.0552877 0.513125
0.055382 0.514
0.056417 0.513
0.056417 0.513
0.0575598 0.513
0.0575598 0.513
0.0585881 0.512
0.0586453 0.5125
0.0587025 0.513
0.0597286 0.512
0.0597432 0.512125
0.0598453 0.513
0.0608692 0.512
0.0608692 0.512
0.0620097 0.512
0.0620097 0.512
0.0631502 0.512
0.0631502 0.512
0.0641652 0.511
0.0641652 0.511
0.0653035 0.511
0.0653035 0.511
0.0664418 0.511
0.0664418 0.511
0.0674478 0.51
0.0674478 0.51
0.0685839 0.51
0.0685839 0.51
0.06972 0.51
0.06972 0.51
0.0707171 0.509
0.0708387 0.509875
0.0708561 0.51
0.071851 0.509
0.071851 0.509
0.0729848 0.509
0.0729848 0.509
0.0741187 0.509
0.0741187 0.509
0.0752525 0.509
0.0752525 0.509
0.0762363 0.508
0.0762363 0.508
0.0773679 0.508
0.0773679 0.508
0.0784995 0.508
0.0784995 0.508
0.0796311 0.508
0.0796311 0.508
0.0807628 0.508
0.0807628 0.508
0.0809217 0.509
0.0809217 0.509
0.0818944 0.508
0.0818944 0.508
0.0820556 0.509
0.0820556 0.509
0.0831894 0.509
0.0831894 0.509
0.0843233 0.509
0.0844061 0.5095
0.0844889 0.51
0.0854571 0.509
0.0854571 0.509
0.085625 0.51
0.085625 0.51
0.086591 0.509
0.086591 0.509
0.0867611 0.51
0.0867611 0.51
0.0877248 0.509
0.0877823 0.509333
0.0878972 0.51
0.0880695 0.511
0.0880695 0.511
0.0888587 0.509
0.0888587 0.509
0.0890332 0.51
0.0890332 0.51
0.0892078 0.511
0.0892292 0.509
0.0894481 0.505222
0.089468 0.505333
0.0896717 0.500875
0.0896941 0.501
0.0898157 0.508
0.089894 0.497333
0.089924 0.496111
0.0900851 0.497
0.0910087 0.496
0.0910087 0.496
0.0919279 0.495
0.0919279 0.495
0.0921136 0.496
0.0921136 0.496
0.0930306 0.495
0.0930306 0.495
0.0939431 0.494
0.0939431 0.494
0.0941332 0.495
0.0941332 0.495
0.0950435 0.494
0.0950435 0.494
0.0961439 0.494
0.0961439 0.494
0.0970475 0.493
0.0970475 0.493
0.0981457 0.493
0.0981457 0.493
0.0990426 0.492
0.0990426 0.492
0.0992439 0.493
0.0992439 0.493
0.100139 0.492
0.100139 0.492
0.101235 0.492
0.101235 0.492
0.102331 0.492
0.102331 0.492
0.103216 0.491
0.103216 0.491
0.10431 0.491
0.10431 0.491
0.105404 0.491
0.105404 0.491
0.106281 0.49
0.106281 0.49
0.106498 0.491
0.106498 0.491
0.107372 0.49
0.107372 0.49
0.108464 0.49
0.108464 0.49
0.109332 0.489
0.109332 0.489
0.109555 0.49
0.109555 0.49
0.110421 0.489
0.110421 0.489
0.11151 0.489
0.11151 0.489
0.112369 0.488
0.112369 0.488
0.1126 0.489
0.1126 0.489
0.113456 0.488
0.113456 0.488
0.114543 0.488
0.114543 0.488
0.115393 0.487
0.115393 0.487
0.11563 0.488
0.11563 0.488
0.116478 0.487
0.116478 0.487
0.116718 0.488
0.116718 0.488
0.117563 0.487
0.117563 0.487
0.118648 0.487
0.118648 0.487
0.119733 0.487
0.119733 0.487
0.12057 0.486
0.12057 0.486
0.120818 0.487
0.120818 0.487
0.121652 0.486
0.121652 0.486
0.122735 0.486
0.122735 0.486
0.123817 0.486
0.123817 0.486
0.124643 0.485
0.124643 0.485
0.1249 0.486
0.1249 0.486
0.125723 0.485
0.125723 0.485
0.126804 0.485
0.126804 0.485
0.127621 0.484
0.127621 0.484
0.127884 0.485
0.127884 0.485
0.128699 0.484
0.128699 0.484
0.128965 0.485
0.128965 0.485
0.129777 0.484
0.129777 0.484
0.130855 0.484
0.130855 0.484
0.131661 0.483
0.131661 0.483
0.131933 0.484
0.131933 0.484
0.132736 0.483
0.132736 0.483
0.133011 0.484
0.133011 0.484
0.133812 0.483
0.133812 0.483
0.134089 0.484
0.134089 0.484
0.134888 0.483
0.134888 0.483
0.135683 0.482
0.135683 0.482
0.135964 0.483
0.135964 0.483
0.136756 0.482
0.136756 0.482
0.13704 0.483
0.13704 0.483
0.13783 0.482
0.13783 0.482
0.138116 0.483
0.138116 0.483
0.138904 0.482
0.138904 0.482
0.139687 0.481
0.139687 0.481
0.139978 0.482
0.139978 0.482
0.140759 0.481
0.140759 0.481
0.141051 0.482
0.141051 0.482
0.14183 0.481
0.14183 0.481
0.142125 0.482
0.142125 0.482
0.142902 0.481
0.142902 0.481
0.143674 0.48
0.143674 0.48
0.143973 0.481
0.143973 0.481
0.144743 0.48
0.144743 0.48
0.145045 0.481
0.145045 0.481
0.145812 0.48
0.145812 0.48
0.146116 0.481
0.146116 0.481
0.146881 0.48
0.146881 0.48
0.147642 0.479
0.147642 0.479
0.147951 0.48
0.147951 0.48
0.148709 0.479
0.148709 0.479
0.14902 0.48
0.14902 0.48
0.149777 0.479
0.149777 0.479
0.150844 0.479
0.150844 0.479
0.151593 0.478
0.151593 0.478
0.151911 0.479
0.151911 0.479
0.152658 0.478
0.152658 0.478
0.152978 0.479
0.152978 0.479
0.153723 0.478
0.153723 0.478
0.154788 0.478
0.154788 0.478
0.155527 0.477
0.155527 0.477
0.155853 0.478
0.155853 0.478
0.156589 0.477
0.156589 0.477
0.157652 0.477
0.157652 0.477
0.158381 0.476
0.158381 0.476
0.158714 0.477
0.158714 0.477
0.159442 0.476
0.159442 0.476
0.159777 0.477
0.159777 0.477
0.160502 0.476
0.160502 0.476
0.161562 0.476
0.161562 0.476
0.162623 0.476
0.162623 0.476
0.163339 0.475
0.163339 0.475
0.163683 0.476
0.163683 0.476
0.164397 0.475
0.164397 0.475
0.165455 0.475
0.165455 0.475
0.166163 0.474
0.166163 0.474
0.166514 0.475
0.166514 0.475
0.167219 0.474
0.167219 0.474
0.167572 0.475
0.167572 0.475
0.168275 0.474
0.168275 0.474
0.169331 0.474
0.169331 0.474
0.170027 0.473
0.170027 0.473
0.170387 0.474
0.170387 0.474
0.171081 0.473
0.171081 0.473
0.171442 0.474
0.171442 0.474
0.172134 0.473
0.172134 0.473
0.173188 0.473
0.173188 0.473
0.173873 0.472
0.173873 0.472
0.174242 0.473
0.174242 0.473
0.174925 0.472
0.174925 0.472
0.175295 0.473
0.175295 0.473
0.175976 0.472
0.175976 0.472
0.176349 0.473
0.176349 0.473
0.177028 0.472
0.177028 0.472
0.177702 0.471
0.177702 0.471
0.178079 0.472
0.178079 0.472
0.178751 0.471
0.178751 0.471
0.17913 0.472
0.17913 0.472
0.1798 0.471
0.1798 0.471
